611,2338,-7
622,515,-6
3509,768,-4
781,816,-8
683,2837,-5
1612,682,5
1808,2063,8
534,674,8
351,44,-10
562,622,6
760,3383,-2
50,619,-9
279,1,0
743,2144,-8
574,521,6
3076,2342,-6
2342,592,1
1410,45,2
2113,2581,5
913,688,-10
535,731,-8
1743,1560,6
1400,136,1
2243,3362,4
1744,1698,-8
564,805,-5
53,1501,-5
1538,30,-8
659,1934,-9
2260,2261,2
3062,303,-4
865,690,9
135,1421,6
8,2643,-5
591,632,-10
1460,3311,0
1034,83,9
360,3190,-8
1477,70,-8
2578,779,-11
662,915,7
2477,1481,-4
637,1949,6
137,932,3
711,847,8
1185,1579,4
1861,1026,-6
1510,778,-7
534,698,4
1830,1231,2
774,989,3
709,816,7
850,1034,-8
381,3084,1
3019,239,-2
149,686,-4
1614,305,1
77,1,3
1019,1607,2
1187,3463,4
1179,619,3
1,58,9
359,1491,-2
807,2752,1
752,1187,9
70,197,-2
597,1162,8
543,994,-10
562,55,-11
2844,2128,-3
681,762,9
715,45,9
2150,1120,-11
548,689,0
564,1262,-2
1238,591,0
318,1,-5
46,20,-11
876,135,6
1192,1026,-6
149,647,-4
663,1387,3
49,538,-7
619,1387,0
96,2133,8
868,1398,7
1,159,8
558,956,-7
261,1622,3
1323,535,2
1854,1398,8
729,624,5
752,1311,6
291,1939,-5
2625,534,9
1493,538,1
3221,254,-3
731,709,-8
79,690,-10
334,715,3
2344,3169,-4
2843,2148,-5
1481,1320,8
2052,1939,-8
373,1106,-9
675,1239,-6
608,1792,7
523,589,7
100,276,-2
885,2053,-7
184,690,-6
1398,816,-7
2238,689,-5
816,541,6
565,626,-5
543,683,0
610,884,-8
3581,3420,-11
571,184,5
3122,2174,-10
547,1266,9
770,805,2
641,49,-7
1982,543,2
1487,89,2
1392,139,8
608,582,-11
422,784,8
1940,1485,-8
204,540,-11
39,1510,-2
635,2830,9
43,140,-5
359,1926,-6
838,65,-9
1735,1134,-6
1019,2411,-8
770,20,-2
49,588,7
1699,604,0
378,1360,-9
986,688,2
1,317,6
564,1217,-11
1059,816,9
35,1,-7
46,767,-6
585,1070,2
1442,2580,-4
43,355,-7
540,842,4
1178,20,-5
517,578,-8
690,839,5
1030,1528,1
1909,1348,1
1481,1679,-4
571,611,-3
45,2139,2
1093,2872,-7
620,542,7
636,1480,-9
612,1030,3
589,1477,-8
373,731,8
586,1314,9
2641,1043,-11
1314,2597,8
3390,33,9
544,2506,-5
2856,1999,1
1598,682,-9
1042,682,6
2499,3339,-7
136,2315,-5
547,517,-3
2233,540,9
2188,557,-10
879,519,-10
1559,2999,-10
715,769,0
624,1228,-10
711,740,2
610,2235,3
948,1422,-11
1805,70,5
850,690,9
540,257,2
540,49,-6
519,25,-3
93,1,6
30,637,2
987,1940,9
2208,676,3
2106,3647,7
1240,1673,-5
46,675,6
1,360,8
1000,2704,8
8,2597,9
373,1360,-10
598,2803,-11
586,195,-8
774,547,-10
568,53,-5
394,688,2
1844,2822,5
1575,816,-3
14,38,-5
547,1023,2
591,49,8
715,579,-9
1000,888,-8
136,557,-5
519,625,8
53,1466,4
221,258,-4
839,847,-7
612,1049,5
528,2327,8
1093,535,5
3578,3481,-5
937,1153,2
82,133,-6
711,1067,5
30,521,6
625,540,-8
839,571,5
2883,517,-11
757,3738,-3
2054,2528,-2
691,70,6
948,2581,7
79,616,1
2303,1848,5
258,455,2
624,617,6
2246,2193,5
149,968,1
675,1959,8
3200,1408,-8
720,743,-11
2519,2534,-10
2322,540,9
49,55,-7
43,464,-8
157,2434,3
543,599,3
627,597,-9
2578,540,9
153,3116,-8
987,688,8
538,1487,-8
726,690,-3
710,690,-5
3030,89,7
283,1360,1
2554,555,2
334,681,5
1026,570,4
1705,1712,5
43,1561,-8
195,711,7
2273,1071,8
1516,70,-5
764,690,6
80,49,7
663,676,-2
831,767,4
2709,2370,2
1493,2312,6
409,1311,-3
544,888,8
49,649,5
1043,1264,-8
937,978,3
681,1695,3
1172,520,5
587,715,-5
612,547,9
221,2952,1
1253,675,-7
742,540,5
617,997,-5
2543,3694,-8
1542,43,1
9,3279,9
1712,1611,-5
276,688,3
547,712,-3
944,2799,-6
72,38,-4
543,944,0
43,1563,-10
515,546,-10
690,615,0
305,2736,7
690,705,-6
1195,1162,-7
666,947,-10
451,3273,-6
1311,816,-6
1941,943,-9
1,476,8
690,849,-10
681,43,1
2249,3575,-7
82,721,-8
42,1239,-10
1087,1088,6
718,229,-8
778,752,-2
681,1688,6
3257,3252,2
196,2899,-5
3443,1239,-7
21,2150,-7
178,1765,4
2261,3527,6
1520,814,-3
543,900,-10
1477,43,-11
1481,474,-2
1672,480,-6
1876,2710,1
690,113,-3
2246,1835,-10
2068,1042,-5
124,43,5
1368,620,7
80,2383,4
1495,3368,-8
562,531,0
579,894,-10
1,110,7
3069,894,7
80,732,5
1939,21,-5
609,715,-2
769,43,-11
1442,3249,-5
635,529,-6
1611,682,-2
757,1112,-4
149,96,-6
535,542,1
947,914,-5
3030,948,8
732,8,3
342,267,-11
348,149,-11
564,1262,8
953,540,2
1491,940,-9
2605,769,-7
2931,622,-3
529,2007,-11
1043,1803,1
711,540,7
2447,933,-4
2018,715,-8
535,2200,4
136,1360,9
15,3246,6
587,715,-3
115,1534,-10
2633,616,-9
8,616,3
752,609,1
2587,609,4
3280,2658,-3
531,1251,-8
564,659,-10
1002,731,1
1008,816,-10
612,548,4
564,450,-8
297,271,-3
584,617,4
181,1098,1
1559,3001,4
2342,3076,5
639,3168,-3
1927,72,-11
1,67,6
515,547,6
3394,717,8
807,1510,8
565,617,3
604,45,-8
856,540,-11
1915,1521,-2
1505,3082,4
2088,2525,-6
1668,261,8
46,133,5
571,20,2
716,816,-8
1019,2419,7
3058,3640,-9
939,921,4
690,105,3
1721,1800,-7
3232,2246,9
543,1988,1
3204,2285,3
1887,622,-3
900,543,-2
1576,816,-3
2020,715,0
940,3205,1
1534,1360,3
3398,108,-10
762,133,-11
80,612,7
49,694,-9
2449,637,6
533,139,-6
291,1,-6
1295,989,-6
1250,1439,6
349,2157,-3
611,2338,8
1485,2292,1
2643,8,-3
537,2293,7
1249,1252,6
37,72,7
149,942,-6
685,1442,-11
564,1201,9
1699,1574,5
3076,2342,6
727,2101,1
137,373,-7
986,51,-2
1311,752,-10
963,149,5
1423,1723,2
2525,2061,-9
149,991,-11
565,3242,8
579,1559,-7
18,117,-9
954,519,8
519,1227,-10
716,1311,7
715,626,-11
1708,1611,7
46,767,7
2533,1965,-7
1712,1699,-2
133,43,6
38,1907,-3
261,540,2
1,341,0
1679,2307,-9
837,53,8
688,1818,7
982,3295,8
778,43,5
690,259,1
120,1233,3
588,842,-2
1940,1485,-6
1131,622,-5
714,711,-8
2666,568,-5
1134,1700,-9
533,49,-4
541,1215,-4
2550,3693,-3
1218,2070,9
1184,1034,-10
2240,914,-6
3639,388,-11
788,514,6
1993,3503,1
716,192,4
1442,2609,-8
1485,53,-7
822,135,-6
1062,523,2
688,760,9
195,729,-8
243,711,3
752,1699,8
1485,2202,-10
558,2893,-6
1701,584,-5
1360,624,1
268,635,0
590,133,3
689,714,0
79,743,8
778,2299,-6
43,1543,4
49,678,5
1704,1748,-3
75,701,7
