3783	3783
3784	3784
3785	3785
3786	3786
3787	3787
3788	3788
3789	3789
3790	3790
3791	3791
3792	3792
3793	3793
3794	3794
3795	3795
3796	3796
3797	3797
3798	3798
3799	3799
3800	3800
3801	3801
3802	3802
3803	3803
3804	3804
3805	3805
3806	3806
3807	3807
3808	3808
3809	3809
3810	3810
3811	3811
3812	3812
3813	3813
3814	3814
3815	3815
3816	3816
3817	3817
3818	3818
3819	3819
3820	3820
3821	3821
3822	3822
3823	3823
3824	3824
3825	3825
3826	3826
3827	3827
3828	3828
3829	3829
3830	3830
3831	3831
3832	3832
3833	3833
3834	3834
3835	3835
3836	3836
3837	3837
3838	3838
3839	3839
3840	3840
3841	3841
3842	3842
3843	3843
3844	3844
3845	3845
3846	3846
3847	3847
3848	3848
3849	3849
3850	3850
3851	3851
3852	3852
3853	3853
3854	3854
3855	3855
3856	3856
3857	3857
3858	3858
3859	3859
3860	3860
3861	3861
3862	3862
3863	3863
3864	3864
3865	3865
3866	3866
3867	3867
3868	3868
3869	3869
3870	3870
3871	3871
3872	3872
3873	3873
3874	3874
3875	3875
3876	3876
3877	3877
3878	3878
3879	3879
3880	3880
3881	3881
3882	3882
