3783	0
3784	1
3785	2
3786	3
3787	4
3788	5
3789	6
3790	7
3791	8
3792	9
3793	10
3794	11
3795	12
3796	13
3797	14
3798	15
3799	16
3800	17
3801	18
3802	19
3803	20
3804	21
3805	22
3806	23
3807	24
3808	25
3809	26
3810	27
3811	28
3812	29
3813	30
3814	31
3815	32
3816	33
3817	34
3818	35
3819	36
3820	37
3821	38
3822	39
3823	40
3824	41
3825	42
3826	43
3827	44
3828	45
3829	46
3830	47
3831	48
3832	49
3833	50
3834	51
3835	52
3836	53
3837	54
3838	55
3839	56
3840	57
3841	58
3842	59
3843	60
3844	61
3845	62
3846	63
3847	64
3848	65
3849	66
3850	67
3851	68
3852	69
3853	70
3854	71
3855	72
3856	73
3857	74
3858	75
3859	76
3860	77
3861	78
3862	79
3863	80
3864	81
3865	82
3866	83
3867	84
3868	85
3869	86
3870	87
3871	88
3872	89
3873	90
3874	91
3875	92
3876	93
3877	94
3878	95
3879	96
3880	97
3881	98
3882	99
