3850	0	3804
3804	0	3850
3833	1	3804
3804	4	3833
3836	7	3832
3784	1	3833
3832	2	3836
3784	0	3832
3858	1	3784
3784	0	3858
3831	0	3834
3834	0	3831
3834	1	3832
3832	0	3834
3857	2	3784
3784	2	3857
3856	2	3784
3821	0	3836
3836	0	3821
3828	0	3832
3832	0	3828
3804	7	3836
3836	7	3804
3832	7	3833
3784	0	3830
3820	8	3821
3830	3	3784
3833	3	3784
3829	2	3832
3784	1	3856
3821	4	3784
3827	3	3784
3784	0	3827
3784	3	3820
3784	1	3821
3820	4	3784
3820	0	3826
3827	2	3813
3813	2	3827
3784	9	3790
3821	1	3828
3821	8	3790
3829	3	3784
3784	1	3829
3879	0	3820
3820	0	3879
3853	4	3829
3821	8	3820
3821	0	3797
3797	0	3821
3853	4	3826
3784	0	3855
3819	4	3784
3784	1	3819
3853	6	3832
3820	0	3855
3797	2	3820
3784	0	3818
3820	1	3797
3818	0	3828
3813	3	3826
3826	3	3813
3833	1	3853
3853	4	3833
3820	8	3790
3821	0	3855
3855	0	3821
3784	0	3854
3797	2	3855
3879	3	3832
3832	2	3879
3855	2	3797
3818	4	3784
3855	3	3813
3813	3	3855
3832	2	3829
3853	2	3855
3879	0	3855
3855	0	3879
3826	4	3853
3797	1	3879
3879	1	3797
3866	0	3832
3832	0	3866
3854	2	3784
3829	0	3804
3813	3	3853
3804	2	3829
3828	3	3784
3784	3	3828
3853	2	3784
3853	5	3813
3853	2	3836
3836	2	3853
3817	4	3784
3816	0	3866
3866	0	3816
3813	5	3829
3829	0	3813
3813	9	3832
3832	7	3813
3813	3	3831
3784	1	3807
3815	4	3784
3784	1	3816
3784	1	3815
3866	0	3836
3836	0	3866
3831	3	3813
3831	6	3804
3831	5	3833
3784	0	3852
3796	0	3832
3832	0	3796
3832	4	3853
3834	3	3836
3836	2	3834
3826	3	3832
3789	9	3784
3784	0	3789
3855	0	3853
3855	0	3804
3836	2	3826
3877	0	3796
3796	0	3877
3796	4	3836
3836	4	3796
3784	0	3851
3877	1	3836
3836	1	3877
3784	0	3850
3849	2	3784
3784	0	3849
3797	5	3784
3784	2	3813
3784	2	3797
3804	9	3832
3832	9	3804
3813	4	3784
3826	1	3865
3816	4	3784
3826	2	3829
3829	0	3853
3857	4	3832
3832	4	3857
3794	0	3832
3832	0	3794
3794	4	3790
3790	4	3794
3784	2	3794
3820	4	3810
3804	7	3813
3813	7	3804
3816	0	3794
3794	0	3816
3784	0	3812
3794	4	3804
3812	4	3784
3804	3	3794
3850	2	3784
3804	1	3810
3794	0	3836
3836	0	3794
3807	0	3851
3826	4	3836
3788	9	3784
3784	0	3788
3829	0	3865
3784	0	3787
3787	9	3784
3809	4	3784
3784	2	3809
3826	0	3791
3784	0	3791
3794	6	3784
3855	0	3791
3814	4	3784
3784	4	3817
3784	1	3814
3847	2	3784
3784	1	3847
3833	7	3832
3831	3	3784
3784	1	3831
3831	4	3855
3855	4	3831
3855	2	3784
3855	1	3820
3784	0	3845
3828	4	3829
3825	3	3784
3784	1	3811
3846	1	3841
3841	0	3846
3865	4	3829
3845	2	3784
3784	0	3844
3784	1	3846
3829	-2	3826
3879	1	3794
3846	2	3784
3784	0	3843
3811	4	3784
3829	-11	3836
3784	0	3786
3832	0	3820
3844	2	3784
3841	2	3791
3791	2	3841
3784	1	3824
3841	2	3784
3786	0	3872
3829	4	3828
3829	3	3838
3784	2	3825
3872	1	3841
3852	2	3784
3784	1	3841
3848	2	3784
3784	1	3848
3810	7	3820
3808	4	3784
3836	-11	3829
3826	0	3863
3793	6	3784
3784	3	3793
3791	-2	3786
3852	1	3829
3829	1	3852
3877	0	3820
3820	0	3877
3882	0	3836
3836	0	3882
3806	4	3784
3840	2	3784
3784	2	3840
3784	0	3881
3784	2	3806
3784	0	3839
3786	9	3784
3836	-2	3833
3784	0	3880
3839	2	3784
3879	1	3784
3784	0	3878
3810	4	3784
3784	4	3810
3810	1	3804
3824	3	3784
3878	1	3784
3851	1	3807
3855	0	3880
3784	4	3826
3784	1	3823
3842	2	3784
3784	1	3842
3823	3	3784
3881	1	3784
3784	0	3877
3804	4	3784
3838	2	3784
3823	0	3805
3805	0	3823
3826	3	3784
3784	0	3837
3822	1	3836
3836	1	3822
3836	2	3784
3784	2	3836
3784	0	3876
3864	0	3822
3822	0	3864
3876	1	3784
3880	1	3784
3880	1	3855
3880	0	3870
3785	9	3784
3832	0	3791
3784	0	3875
3826	0	3805
3843	2	3784
3805	4	3784
3874	1	3784
3875	1	3784
3784	4	3805
3837	2	3784
3805	0	3843
3784	1	3874
3784	0	3871
3843	0	3805
3784	0	3873
3873	1	3784
3880	0	3820
3820	0	3880
3784	1	3803
3802	4	3784
3784	3	3802
3851	2	3784
3851	1	3832
3803	4	3784
3877	1	3803
3803	1	3877
3805	0	3803
3803	0	3805
3805	2	3826
3784	0	3872
3808	0	3805
3805	0	3808
3872	1	3784
3871	1	3784
3801	4	3784
3791	8	3784
3784	0	3801
3784	0	3870
3784	0	3869
3870	1	3880
3801	0	3822
3822	0	3801
3784	0	3799
3784	0	3835
3803	1	3832
3832	0	3803
3869	1	3784
3877	1	3784
3867	0	3805
3784	0	3800
3800	4	3784
3805	0	3867
3784	0	3868
3799	4	3784
3868	1	3784
3784	0	3866
3835	2	3784
3866	1	3784
3867	4	3862
3798	0	3862
3862	0	3798
3826	1	3803
3803	0	3829
3862	1	3793
3865	1	3784
3784	1	3865
3793	1	3862
3867	1	3784
3784	1	3867
3826	1	3862
3808	0	3862
3864	1	3784
3862	1	3808
3870	0	3862
3862	0	3870
3807	4	3784
3855	8	3832
3832	8	3855
3790	9	3784
3790	0	3820
3790	0	3821
3784	0	3864
3862	3	3867
3803	1	3838
3870	1	3784
3822	2	3862
3862	2	3822
3863	1	3803
3803	0	3863
3838	2	3828
3838	2	3858
3838	3	3829
3838	0	3832
3832	0	3838
3828	2	3838
3784	0	3822
3798	0	3863
3863	0	3798
3784	0	3863
3863	2	3838
3863	0	3829
3791	0	3855
3863	0	3791
3784	0	3792
3863	1	3832
3829	1	3863
3881	2	3865
3862	0	3791
3862	0	3863
3861	1	3784
3862	1	3803
3862	3	3836
3836	3	3862
3783	9	3784
3862	0	3832
3791	0	3826
3862	-2	3833
3862	0	3829
3882	1	3784
3784	1	3882
3784	1	3798
3863	1	3784
3795	5	3784
3784	2	3795
3832	3	3784
3832	-6	3826
3862	1	3784
3796	5	3784
3822	3	3784
3792	6	3784
3829	1	3803
3860	1	3784
3784	0	3860
3834	2	3784
3784	2	3834
3829	-11	3833
3862	0	3834
3834	0	3862
3798	4	3784
3784	3	3859
3863	-2	3826
3859	1	3784
3862	-9	3826
3784	3	3808
3784	1	3861
3829	0	3791
3838	1	3863
